rem - mono - camera 
data 12,0,1,14,16,0,31,0
data 64,31,128,2,191,208,8,191
data 192,11,255,224,2,255,248,2
data 255,248,0,255,248,32,255,248
data 0,127,252,48,63,253,112,255
data 221,112,255,25,48,255,152,48
data 239,216,76,255,249,28,255,253
data 28,255,238,95,255,238,32,0

rem - mono - dragon - reverse 7k1_9112_00006.jpg
data 254,15,255,254,15,255,248,7
data 255,252,7,254,254,79,255,255
data 15,248,255,127,240,253,127,128
data 143,239,192,63,15,224,17,31
data 240,3,63,254,3,127,252,3
data 255,248,3,255,240,1,255,128
data 0,0,0,192,0,0,0,0
data 0,32,0,0,0,0,0,0

rem - mono - monster - big_8048_00007.jpg
data 4,0,0,6,0,0,14,0
data 0,31,0,0,31,0,0,31
data 8,0,63,8,0,63,0,0
data 63,0,0,63,128,0,127,204
data 0,215,223,0,255,222,46,255
data 255,127,231,127,118,229,127,112
data 225,255,64,224,255,192,224,224
data 128,224,192,0,241,192,0,0

rem - mono - mono clamp - revese - big_8277_00019.jpg
data 0,0,0,0,64,0,1,224
data 0,3,196,0,3,128,0,3
data 0,0,15,0,0,15,0,0
data 15,0,0,15,0,48,15,128
data 0,13,194,32,29,153,64,30
data 225,128,92,246,128,44,45,0
data 40,22,0,8,0,0,0,0
data 0,0,0,0,0,0,0,0

rem - mono - ant-head - revese - big_8418_00045.jpg
data 0,0,0,0,0,0,0,0
data 0,0,0,0,0,64,0,0
data 0,0,0,0,0,0,16,0
data 0,31,0,0,31,128,0,127
data 128,0,255,128,0,255,240,1
data 255,248,1,127,248,1,119,248
data 1,39,252,1,39,252,1,3
data 252,1,0,0,0,0,0,0

rem - mono - alter-boy - big_8457_00062.jpg
data 0,0,0,0,0,0,0,0
data 0,0,0,0,0,0,0,0
data 0,0,0,0,0,0,0,0
data 0,32,0,0,0,0,0,128
data 0,0,0,0,0,128,0,0
data 128,0,0,192,0,0,128,0
data 0,128,63,0,139,255,0,159
data 255,128,175,255,255,255,255,0

rem - mono - the eye - big_8545_00071.jpg
data 192,2,6,0,2,6,8,4
data 7,31,255,159,255,255,255,255
data 255,255,255,255,255,255,247,127
data 254,143,31,254,255,247,251,255
data 255,243,239,255,255,63,27,254
data 63,7,180,127,2,120,127,7
data 255,224,15,255,255,255,255,255
data 255,255,255,255,255,255,255,0

rem - mono - dragon - look up -revese - dsc_1508_00125.jpg
data 0,1,255,0,0,112,0,0
data 0,0,0,0,0,0,0,0
data 0,0,0,0,0,0,0,0
data 7,0,0,6,224,0,3,193
data 240,3,248,255,1,255,255,1
data 255,255,1,224,63,0,254,135
data 0,255,128,0,255,224,0,255
data 240,0,255,242,1,255,255,0

rem - mono - lobster from above - reverse -  dsc_5434_00138.jpg
data 63,0,0,63,224,0,31,240
data 0,15,248,0,7,254,0,3
data 253,0,1,255,128,0,255,64
data 0,103,192,0,98,160,0,98
data 160,0,96,32,0,100,0,0
data 127,0,128,127,128,128,63,240
data 192,63,176,224,63,208,240,31
data 240,248,31,252,252,15,248,0

rem multicolor:
rem roof gun - multisprite
1000 rem 
1010 data 255,63,255,255,63,255,195,243
1020 data 207,195,243,3,3,63,0,3
1030 data 255,0,3,252,0,0,60,0
1040 data 0,255,0,0,255,0,0,215
1050 data 0,0,215,0,0,255,0,0
1060 data 0,0,0,0,0,0,0,0
1070 data 0,0,0,0,0,0,0,0
1080 data 0,0,0,0,0,0,0,0

1090 rem 
1100 data 255,63,255,255,63,255,195,243
1110 data 207,195,243,3,3,63,0,3
1120 data 255,0,3,252,0,0,60,0
1130 data 0,60,0,63,63,0,55,255
1140 data 192,23,255,240,63,255,240,0
1150 data 0,0,0,0,0,0,0,0
1160 data 0,0,0,0,0,0,0,0
1170 data 0,0,0,0,0,0,0,0

1180 rem 
1190 data 255,63,255,255,63,255,195,243
1200 data 207,195,243,3,3,63,0,3
1210 data 255,0,3,252,0,0,60,0
1220 data 0,252,0,0,252,240,3,255
1230 data 208,15,255,80,15,255,240,0
1240 data 0,0,0,0,0,0,0,0
1250 data 0,0,0,0,0,0,0,0
1260 data 0,0,0,0,0,0,0,0

rem angry dodo
data 0,0,0,0,0,0,0,0
data 0,0,0,0,0,5,80,0
data 5,92,0,13,85,63,253,93
data 223,253,93,255,245,95,251,213
data 95,243,253,95,243,245,119,195
data 253,87,3,253,255,3,253,255
data 207,253,255,255,243,240,243,195
data 240,0,192,252,0,3,252,0

rem mouse
data 0,0,0,0,0,0,0,0
data 0,0,0,0,0,0,0,0
data 0,0,0,0,0,0,0,0
data 0,0,0,0,192,0,3,192
data 0,2,255,252,13,255,252,247
data 255,255,63,255,252,0,255,252
data 3,207,252,2,195,252,0,2
data 252,0,2,12,0,0,44,0

rem helicopter
data 0,0,0,0,0,0,0,0
data 0,0,0,0,0,0,0,0
data 170,128,0,8,0,0,59,0
data 0,63,3,0,255,195,3,253
data 243,3,255,255,0,255,255,0
data 63,0,0,0,0,0,0,0
data 0,0,0,0,0,0,0,0
data 0,0,0,0,0,0,0,0

rem head man
data 0,0,0,0,0,0,0,0
data 0,0,0,32,0,170,160,0
data 170,160,0,170,168,0,170,168
data 0,174,128,0,170,128,0,170
data 0,0,170,160,0,170,168,0
data 170,168,0,16,0,0,20,0
data 0,21,64,0,20,80,0,80
data 16,0,80,16,0,0,0,0

